3.392199999999999882e+00 2.954590000000000000e+05
8.176600000000000534e+00 4.767100000000000000e+04
1.296099999999999852e+01 2.104300000000000000e+04
1.774540000000000006e+01 1.135900000000000000e+04
2.252979999999999805e+01 7.010000000000000000e+03
2.731419999999999959e+01 4.788000000000000000e+03
3.209859999999999758e+01 3.281000000000000000e+03
3.688299999999999557e+01 2.431000000000000000e+03
4.166740000000000066e+01 1.776000000000000000e+03
4.645179999999999154e+01 1.316000000000000000e+03
5.123619999999999663e+01 1.058000000000000000e+03
5.602060000000000173e+01 7.870000000000000000e+02
6.080499999999999261e+01 6.750000000000000000e+02
6.558939999999999770e+01 5.750000000000000000e+02
7.037379999999998859e+01 4.770000000000000000e+02
7.515819999999999368e+01 3.720000000000000000e+02
7.994259999999999877e+01 3.280000000000000000e+02
8.472700000000000387e+01 2.990000000000000000e+02
8.951139999999999475e+01 2.420000000000000000e+02
9.429579999999998563e+01 2.150000000000000000e+02
9.908019999999999072e+01 1.690000000000000000e+02
1.038645999999999958e+02 1.430000000000000000e+02
1.086490000000000009e+02 1.410000000000000000e+02
1.134333999999999918e+02 1.080000000000000000e+02
1.182177999999999969e+02 1.090000000000000000e+02
1.230021999999999878e+02 9.800000000000000000e+01
1.277865999999999929e+02 8.100000000000000000e+01
1.325709999999999980e+02 6.000000000000000000e+01
1.373554000000000030e+02 5.300000000000000000e+01
1.421397999999999797e+02 4.900000000000000000e+01
1.469241999999999848e+02 4.400000000000000000e+01
1.517085999999999899e+02 4.000000000000000000e+01
1.564929999999999950e+02 3.200000000000000000e+01
1.612774000000000001e+02 3.100000000000000000e+01
1.660618000000000052e+02 2.900000000000000000e+01
1.708461999999999819e+02 2.900000000000000000e+01
1.756305999999999869e+02 1.800000000000000000e+01
1.804149999999999920e+02 2.000000000000000000e+01
1.851993999999999971e+02 2.600000000000000000e+01
1.899837999999999738e+02 1.300000000000000000e+01
1.947681999999999789e+02 1.600000000000000000e+01
1.995525999999999840e+02 1.800000000000000000e+01
2.043369999999999891e+02 1.600000000000000000e+01
2.091213999999999942e+02 1.700000000000000000e+01
2.139057999999999993e+02 1.700000000000000000e+01
2.186902000000000044e+02 1.300000000000000000e+01
2.234745999999999810e+02 1.000000000000000000e+01
2.282589999999999861e+02 6.000000000000000000e+00
2.330433999999999912e+02 5.000000000000000000e+00
2.378277999999999963e+02 4.000000000000000000e+00
2.426121999999999730e+02 4.000000000000000000e+00
2.473965999999999781e+02 7.000000000000000000e+00
2.521809999999999832e+02 3.000000000000000000e+00
2.569653999999999883e+02 1.000000000000000000e+00
2.617497999999999934e+02 2.000000000000000000e+00
2.665341999999999985e+02 2.000000000000000000e+00
2.713186000000000035e+02 3.000000000000000000e+00
2.761030000000000086e+02 4.000000000000000000e+00
2.808873999999999569e+02 2.000000000000000000e+00
2.856717999999999620e+02 2.000000000000000000e+00
2.904561999999999671e+02 7.000000000000000000e+00
2.952405999999999722e+02 0.000000000000000000e+00
3.000249999999999773e+02 0.000000000000000000e+00
3.048093999999999824e+02 1.000000000000000000e+00
3.095937999999999874e+02 0.000000000000000000e+00
3.143781999999999925e+02 1.000000000000000000e+00
3.191625999999999976e+02 0.000000000000000000e+00
3.239470000000000027e+02 1.000000000000000000e+00
3.287314000000000078e+02 1.000000000000000000e+00
3.335158000000000129e+02 0.000000000000000000e+00
3.383001999999999612e+02 0.000000000000000000e+00
3.430845999999999663e+02 2.000000000000000000e+00
3.478689999999999714e+02 1.000000000000000000e+00
3.526533999999999764e+02 1.000000000000000000e+00
3.574377999999999815e+02 0.000000000000000000e+00
3.622221999999999866e+02 2.000000000000000000e+00
3.670065999999999917e+02 0.000000000000000000e+00
3.717909999999999968e+02 1.000000000000000000e+00
3.765754000000000019e+02 1.000000000000000000e+00
3.813597999999999502e+02 1.000000000000000000e+00
3.861441999999999553e+02 0.000000000000000000e+00
3.909285999999999603e+02 0.000000000000000000e+00
3.957129999999999654e+02 1.000000000000000000e+00
4.004973999999999705e+02 1.000000000000000000e+00
4.052817999999999756e+02 0.000000000000000000e+00
4.100661999999999807e+02 0.000000000000000000e+00
4.148505999999999858e+02 0.000000000000000000e+00
4.196349999999999909e+02 0.000000000000000000e+00
4.244193999999999960e+02 0.000000000000000000e+00
4.292038000000000011e+02 1.000000000000000000e+00
4.339882000000000062e+02 0.000000000000000000e+00
4.387725999999999544e+02 0.000000000000000000e+00
4.435569999999999595e+02 0.000000000000000000e+00
4.483413999999999646e+02 0.000000000000000000e+00
4.531257999999999697e+02 0.000000000000000000e+00
4.579101999999999748e+02 0.000000000000000000e+00
4.626945999999999799e+02 0.000000000000000000e+00
4.674789999999999850e+02 0.000000000000000000e+00
4.722633999999999901e+02 0.000000000000000000e+00
4.770477999999999952e+02 1.000000000000000000e+00
