# delayed neutrino PDF coherent
# bin center (mus), PDF (normalized to 1)
6.250000000000000000e-02 8.617445261887031862e-04
1.875000000000000000e-01 6.221715596340815111e-04
3.125000000000000000e-01 1.008138955070933800e-03
4.375000000000000000e-01 4.717307909072230264e-03
5.625000000000000000e-01 1.490291191677804716e-02
6.875000000000000000e-01 2.852015445749725778e-02
8.125000000000000000e-01 4.218329974588620052e-02
9.375000000000000000e-01 4.781969986159193692e-02
1.062500000000000000e+00 4.889520273910089726e-02
1.187500000000000000e+00 4.700224122329606929e-02
1.312500000000000000e+00 4.451692430873362832e-02
1.437500000000000000e+00 4.215331093200565954e-02
1.562500000000000000e+00 3.915703207510690120e-02
1.687500000000000000e+00 3.723801974714352481e-02
1.812500000000000000e+00 3.517586240103386802e-02
1.937500000000000000e+00 3.346648579762664250e-02
2.062500000000000000e+00 3.112390667306898229e-02
2.187500000000000000e+00 2.916928670298058260e-02
2.312500000000000000e+00 2.769929257541480991e-02
2.437500000000000000e+00 2.661618485779624482e-02
2.562500000000000000e+00 2.536828008069183168e-02
2.687500000000000000e+00 2.362353494014332936e-02
2.812500000000000000e+00 2.216606925073641432e-02
2.937500000000000000e+00 2.088975814153990265e-02
3.062500000000000000e+00 1.960950549785699798e-02
3.187500000000000000e+00 1.837752388568888659e-02
3.312500000000000000e+00 1.740916454031268823e-02
3.437500000000000000e+00 1.670509358398316810e-02
3.562500000000000000e+00 1.602088141238897437e-02
3.687500000000000000e+00 1.513823557976684379e-02
3.812500000000000000e+00 1.414824730270303893e-02
3.937500000000000000e+00 1.325480147957395702e-02
4.062500000000000000e+00 1.254633052954095759e-02
4.187500000000000000e+00 1.198510473621109892e-02
4.312500000000000000e+00 1.141883892010116773e-02
4.437500000000000000e+00 1.080590214054378412e-02
4.562500000000000000e+00 1.019587652181096378e-02
4.687500000000000000e+00 9.598842206322812792e-03
4.812500000000000000e+00 8.999069844501795049e-03
4.937500000000000000e+00 8.378811943434061674e-03
5.062500000000000000e+00 7.834508663873343895e-03
5.187500000000000000e+00 7.535458785834612747e-03
5.312500000000000000e+00 7.327825674615900953e-03
5.437500000000000000e+00 6.845117892543859522e-03
5.562500000000000000e+00 6.196768883820855112e-03
5.687500000000000000e+00 5.792985297489103291e-03
5.812500000000000000e+00 5.478039832681112949e-03
5.937500000000000000e+00 5.107164026449631522e-03
6.062500000000000000e+00 4.765151539259162954e-03
6.187500000000000000e+00 4.393829290296870881e-03
6.312500000000000000e+00 4.008579446663664350e-03
6.437500000000000000e+00 3.697689681276126756e-03
6.562500000000000000e+00 3.468708480385912507e-03
6.687500000000000000e+00 3.291921134753079091e-03
6.812500000000000000e+00 3.133420153370090541e-03
6.937500000000000000e+00 3.002905771318017426e-03
7.062500000000000000e+00 2.874571521202764351e-03
7.187500000000000000e+00 2.697835835288110804e-03
7.312500000000000000e+00 2.516342417122039571e-03
7.437500000000000000e+00 2.374286138415402161e-03
7.562500000000000000e+00 2.247471898798124052e-03
7.687500000000000000e+00 2.131975750788877612e-03
7.812500000000000000e+00 2.042317150440249758e-03
7.937500000000000000e+00 1.979073896093629450e-03
8.062500000000000000e+00 1.905326714069044934e-03
8.187500000000000000e+00 1.774918448753419085e-03
8.312500000000000000e+00 1.579862606373753746e-03
8.437500000000000000e+00 1.390791184323682131e-03
8.562500000000000000e+00 1.284252231070305084e-03
8.687500000000000000e+00 1.118690395987592201e-03
8.812500000000000000e+00 6.186078067720053976e-04
8.937500000000000000e+00 9.454994698973515608e-05
