3.203877179561823940e+00 6.024200000000000000e+04
3.641253030442173078e+00 4.591000000000000000e+04
4.138337048712219080e+00 3.302800000000000000e+04
4.703280267964377259e+00 3.405500000000000000e+04
5.345346456472580776e+00 1.578000000000000000e+04
6.075064021666418235e+00 1.132300000000000000e+04
6.904398651776159745e+00 7.864000000000000000e+03
7.846949525574242301e+00 5.373000000000000000e+03
8.918172307601288651e+00 3.488000000000000000e+03
1.013563258548501977e+01 2.180000000000000000e+03
1.151929390514066043e+01 1.342000000000000000e+03
1.309184512696707259e+01 1.067000000000000000e+03
1.487907247092664775e+01 8.320000000000000000e+02
1.691028235119177481e+01 6.890000000000000000e+02
1.921878193387270528e+01 4.980000000000000000e+02
2.184242529786740761e+01 4.100000000000000000e+02
2.482423415461384764e+01 3.250000000000000000e+02
2.821310330511984787e+01 2.800000000000000000e+02
3.206460240214191515e+01 2.670000000000000000e+02
3.644188716456685029e+01 2.440000000000000000e+02
4.141673498581445756e+01 2.250000000000000000e+02
4.707072191785532311e+01 2.030000000000000000e+02
5.349656033067174832e+01 1.940000000000000000e+02
6.079961918169782820e+01 2.320000000000000000e+02
6.909965182415795937e+01 2.360000000000000000e+02
7.853275968638268978e+01 2.020000000000000000e+02
8.925362402192229183e+01 2.160000000000000000e+02
1.014380423260227815e+02 1.890000000000000000e+02
1.152858110098550810e+02 2.260000000000000000e+02
1.310240016017186804e+02 1.740000000000000000e+02
1.489106841973784299e+02 1.670000000000000000e+02
1.692391592155471756e+02 1.450000000000000000e+02
1.923427668495633327e+02 1.350000000000000000e+02
2.186003530791995502e+02 1.020000000000000000e+02
2.484424818726122908e+02 8.400000000000000000e+01
2.823584954442437720e+02 7.300000000000000000e+01
3.209045383406544261e+02 7.700000000000000000e+01
3.647126769308189296e+02 5.700000000000000000e+01
4.145012638395351132e+02 4.200000000000000000e+01
4.710867172767954685e+02 3.300000000000000000e+01
