9.899999999999999911e-01 7.008701824056907069e-05 1.000000000000000000e+00
1.101399929019828638e+00 7.571721488337400038e-05 1.000000000000000000e+00
1.225335155196852321e+00 8.837078743614602838e-05 1.000000000000000000e+00
1.363216215110418128e+00 9.546974703287516503e-05 1.000000000000000000e+00
1.516612366223529351e+00 1.031389768378722155e-04 1.000000000000000000e+00
1.687269446978979737e+00 1.203751698020068451e-04 1.000000000000000000e+00
1.877129746606034155e+00 1.300450900512897952e-04 1.000000000000000000e+00
2.088354110780702211e+00 1.517777301732271594e-04 1.000000000000000000e+00
2.323346534729427315e+00 1.639702658000207099e-04 1.000000000000000000e+00
2.584781523676218828e+00 1.771422463351085400e-04 1.000000000000000000e+00
2.875634532029042401e+00 2.067455838273130867e-04 1.000000000000000000e+00
3.199215827741167306e+00 2.233537706385123420e-04 1.000000000000000000e+00
3.559208167265893064e+00 2.412961183253609586e-04 1.000000000000000000e+00
3.959708709892373335e+00 2.816206065495396025e-04 1.000000000000000000e+00
4.405275648499654473e+00 3.042436176769003440e-04 1.000000000000000000e+00
4.900980087444747113e+00 3.550876522326113687e-04 1.000000000000000000e+00
5.452463758019432838e+00 3.836123827417535189e-04 1.000000000000000000e+00
6.066003228349284626e+00 4.144285481839418673e-04 1.000000000000000000e+00
6.748581338523186091e+00 4.836862686437176130e-04 1.000000000000000000e+00
7.507966673973715643e+00 5.225415213602958202e-04 1.000000000000000000e+00
8.352801981614030424e+00 5.645180755516962653e-04 1.000000000000000000e+00
9.292702535016543308e+00 6.588581861506814710e-04 1.000000000000000000e+00
1.033836556815111329e+01 7.117852651001317773e-04 1.000000000000000000e+00
1.150169202317442085e+01 8.307361074919360298e-04 1.000000000000000000e+00
1.279592199791135165e+01 8.974704009584348954e-04 1.000000000000000000e+00
1.423578543458871692e+01 1.047452236000633247e-03 1.000000000000000000e+00
1.583766976484598388e+01 1.131595665278606723e-03 1.000000000000000000e+00
1.761980641903116762e+01 1.222498464050783291e-03 1.000000000000000000e+00
1.960247832248893829e+01 1.426797751000858771e-03 1.000000000000000000e+00
2.180825074040611256e+01 1.541414581753645322e-03 1.000000000000000000e+00
2.426222809851507023e+01 1.943527114929826305e-03 1.000000000000000000e+00
2.699233970259332693e+01 2.268321963696038560e-03 1.000000000000000000e+00
3.002965760860141131e+01 2.268321963696038560e-03 1.000000000000000000e+00
3.340875026121550917e+01 3.089817907788016543e-03 1.000000000000000000e+00
3.716807592559995044e+01 3.895866144687560543e-03 1.000000000000000000e+00
4.135042039016099835e+01 4.546928455862410748e-03 1.000000000000000000e+00
4.600338392188222514e+01 4.546928455862410748e-03 1.000000000000000000e+00
5.117992301639698383e+01 6.691189901715635484e-03 1.000000000000000000e+00
5.693895310858579961e+01 6.691189901715635484e-03 1.000000000000000000e+00
6.334601910329268293e+01 8.436736721624852123e-03 1.000000000000000000e+00
7.047404135763159161e+01 6.193644990970611879e-03 1.000000000000000000e+00
7.840414560508678221e+01 7.809396072084503863e-03 1.000000000000000000e+00
8.722658626697263173e+01 1.241537185006410561e-02 1.000000000000000000e+00
9.704177365968244828e+01 1.341271753067898274e-02 1.000000000000000000e+00
1.079614167886187204e+02 1.691172544644806847e-02 1.000000000000000000e+00
1.201097947352170507e+02 1.973794858815768744e-02 1.000000000000000000e+00
1.336251711070244426e+02 2.132352798169759311e-02 1.000000000000000000e+00
1.486613676490295575e+02 2.688624806652943969e-02 1.000000000000000000e+00
1.653895149258906372e+02 3.956538865832268798e-02 1.000000000000000000e+00
1.839999999999999716e+02 0.000000000000000000e+00 1.000000000000000000e+00
