9.899999999999999911e-01 5.473372849520150287e-06 1.000000000000000000e+00
1.101399929019828638e+00 5.913057204993992693e-06 1.000000000000000000e+00
1.225335155196852321e+00 6.388062072657205598e-06 1.000000000000000000e+00
1.363216215110418128e+00 6.388062072657205598e-06 1.000000000000000000e+00
1.516612366223529351e+00 6.901224802908534383e-06 1.000000000000000000e+00
1.687269446978979737e+00 7.455610674814365215e-06 1.000000000000000000e+00
1.877129746606034155e+00 7.455610674814365215e-06 1.000000000000000000e+00
2.088354110780702211e+00 8.054531205964940077e-06 1.000000000000000000e+00
2.323346534729427315e+00 8.701563933188907166e-06 1.000000000000000000e+00
2.584781523676218828e+00 9.400573782282964290e-06 1.000000000000000000e+00
2.875634532029042401e+00 9.400573782282964290e-06 1.000000000000000000e+00
3.199215827741167306e+00 1.015573615440418092e-05 1.000000000000000000e+00
3.559208167265893064e+00 1.097156186702726172e-05 1.000000000000000000e+00
3.959708709892373335e+00 1.185292409844701784e-05 1.000000000000000000e+00
4.405275648499654473e+00 1.185292409844701784e-05 1.000000000000000000e+00
4.900980087444747113e+00 1.280508749677332581e-05 1.000000000000000000e+00
5.452463758019432838e+00 1.383373962729619479e-05 1.000000000000000000e+00
6.066003228349284626e+00 1.494502494606523988e-05 1.000000000000000000e+00
6.748581338523186091e+00 1.614558150261838156e-05 1.000000000000000000e+00
7.507966673973715643e+00 1.744258059109661605e-05 1.000000000000000000e+00
8.352801981614030424e+00 1.884376958659309703e-05 1.000000000000000000e+00
9.292702535016543308e+00 2.035751822261108233e-05 1.000000000000000000e+00
1.033836556815111329e+01 2.199286858606028008e-05 1.000000000000000000e+00
1.150169202317442085e+01 2.375958912842765240e-05 1.000000000000000000e+00
1.279592199791135165e+01 2.566823301574694516e-05 1.000000000000000000e+00
1.423578543458871692e+01 2.773020116591060695e-05 1.000000000000000000e+00
1.583766976484598388e+01 2.995781034986427248e-05 1.000000000000000000e+00
1.761980641903116762e+01 3.236436676347355867e-05 1.000000000000000000e+00
1.960247832248893829e+01 3.777297646467454319e-05 1.000000000000000000e+00
2.180825074040611256e+01 4.080733704412147118e-05 1.000000000000000000e+00
2.426222809851507023e+01 4.762690378027993870e-05 1.000000000000000000e+00
2.699233970259332693e+01 5.558613053440591560e-05 1.000000000000000000e+00
3.002965760860141131e+01 6.487547294786288454e-05 1.000000000000000000e+00
3.340875026121550917e+01 8.179969377519467661e-05 1.000000000000000000e+00
3.716807592559995044e+01 9.546974703287516503e-05 1.000000000000000000e+00
4.135042039016099835e+01 1.114242875232509855e-04 1.000000000000000000e+00
4.600338392188222514e+01 1.300450900512897952e-04 1.000000000000000000e+00
5.117992301639698383e+01 1.517777301732271594e-04 1.000000000000000000e+00
5.693895310858579961e+01 1.639702658000207099e-04 1.000000000000000000e+00
6.334601910329268293e+01 1.913723520758254539e-04 1.000000000000000000e+00
7.047404135763159161e+01 2.067455838273130867e-04 1.000000000000000000e+00
7.840414560508678221e+01 2.233537706385123420e-04 1.000000000000000000e+00
8.722658626697263173e+01 2.816206065495396025e-04 1.000000000000000000e+00
9.704177365968244828e+01 3.042436176769003440e-04 1.000000000000000000e+00
1.079614167886187204e+02 3.836123827417535189e-04 1.000000000000000000e+00
1.201097947352170507e+02 4.477202230082130002e-04 1.000000000000000000e+00
1.336251711070244426e+02 4.836862686437176130e-04 1.000000000000000000e+00
1.486613676490295575e+02 6.098666701068881967e-04 1.000000000000000000e+00
1.653895149258906372e+02 8.974704009584348954e-04 1.000000000000000000e+00
1.839999999999999716e+02 6.691189901715635484e-03 1.000000000000000000e+00
