9.899999999999999911e-01 5.415871378079476335e-05 1.000000000000000000e+00
1.101399929019828638e+00 5.415871378079476335e-05 1.000000000000000000e+00
1.225335155196852321e+00 5.415871378079476335e-05 1.000000000000000000e+00
1.363216215110418128e+00 5.415871378079476335e-05 1.000000000000000000e+00
1.516612366223529351e+00 5.415871378079476335e-05 1.000000000000000000e+00
1.687269446978979737e+00 5.415871378079476335e-05 1.000000000000000000e+00
1.877129746606034155e+00 5.415871378079476335e-05 1.000000000000000000e+00
2.088354110780702211e+00 5.415871378079476335e-05 1.000000000000000000e+00
2.323346534729427315e+00 5.738441648302392912e-05 1.000000000000000000e+00
2.584781523676218828e+00 5.738441648302392912e-05 1.000000000000000000e+00
2.875634532029042401e+00 5.738441648302392912e-05 1.000000000000000000e+00
3.199215827741167306e+00 5.738441648302392912e-05 1.000000000000000000e+00
3.559208167265893064e+00 5.738441648302392912e-05 1.000000000000000000e+00
3.959708709892373335e+00 5.738441648302392912e-05 1.000000000000000000e+00
4.405275648499654473e+00 5.738441648302392912e-05 1.000000000000000000e+00
4.900980087444747113e+00 5.738441648302392912e-05 1.000000000000000000e+00
5.452463758019432838e+00 5.738441648302392912e-05 1.000000000000000000e+00
6.066003228349284626e+00 5.738441648302392912e-05 1.000000000000000000e+00
6.748581338523186091e+00 6.080224261649426910e-05 1.000000000000000000e+00
7.507966673973715643e+00 6.080224261649426910e-05 1.000000000000000000e+00
8.352801981614030424e+00 6.080224261649426910e-05 1.000000000000000000e+00
9.292702535016543308e+00 6.442363508721369713e-05 1.000000000000000000e+00
1.033836556815111329e+01 6.442363508721369713e-05 1.000000000000000000e+00
1.150169202317442085e+01 6.826071834272392776e-05 1.000000000000000000e+00
1.279592199791135165e+01 7.232633896483533814e-05 1.000000000000000000e+00
1.423578543458871692e+01 7.232633896483533814e-05 1.000000000000000000e+00
1.583766976484598388e+01 7.663410868007462242e-05 1.000000000000000000e+00
1.761980641903116762e+01 8.119844993184009404e-05 1.000000000000000000e+00
1.960247832248893829e+01 9.115888299750818402e-05 1.000000000000000000e+00
2.180825074040611256e+01 9.658832241158708354e-05 1.000000000000000000e+00
2.426222809851507023e+01 1.084365968689610923e-04 1.000000000000000000e+00
2.699233970259332693e+01 1.217382727739662078e-04 1.000000000000000000e+00
3.002965760860141131e+01 1.366716356462007343e-04 1.000000000000000000e+00
3.340875026121550917e+01 1.722585965398787497e-04 1.000000000000000000e+00
3.716807592559995044e+01 2.171117945694505205e-04 1.000000000000000000e+00
4.135042039016099835e+01 2.899422853882878274e-04 1.000000000000000000e+00
4.600338392188222514e+01 3.255088599835059718e-04 1.000000000000000000e+00
5.117992301639698383e+01 4.880251583654433758e-04 1.000000000000000000e+00
5.693895310858579961e+01 5.478901179593945181e-04 1.000000000000000000e+00
6.334601910329268293e+01 6.150985788580504805e-04 1.000000000000000000e+00
7.047404135763159161e+01 6.517339604882426947e-04 1.000000000000000000e+00
7.840414560508678221e+01 7.316807143427199196e-04 1.000000000000000000e+00
8.722658626697263173e+01 8.214343584919430634e-04 1.000000000000000000e+00
9.704177365968244828e+01 9.771241535346502759e-04 1.000000000000000000e+00
1.079614167886187204e+02 1.096985797892384082e-03 1.000000000000000000e+00
1.201097947352170507e+02 1.231550603292826162e-03 1.000000000000000000e+00
1.336251711070244426e+02 1.382622173764656327e-03 1.000000000000000000e+00
1.486613676490295575e+02 1.644676177994664444e-03 1.000000000000000000e+00
1.653895149258906372e+02 2.327202478960409531e-03 1.000000000000000000e+00
1.839999999999999716e+02 1.663816886076130777e-02 1.000000000000000000e+00
