9.899999999999999911e-01 3.848436109487433457e-06 1.000000000000000000e+00
1.101399929019828638e+00 4.030428030568050596e-06 1.000000000000000000e+00
1.225335155196852321e+00 4.221026320156903202e-06 1.000000000000000000e+00
1.363216215110418128e+00 4.420637972028530366e-06 1.000000000000000000e+00
1.516612366223529351e+00 4.629689226627268130e-06 1.000000000000000000e+00
1.687269446978979737e+00 5.077917243205403043e-06 1.000000000000000000e+00
1.877129746606034155e+00 5.318051128214197394e-06 1.000000000000000000e+00
2.088354110780702211e+00 5.569540905800136375e-06 1.000000000000000000e+00
2.323346534729427315e+00 5.832923594286211926e-06 1.000000000000000000e+00
2.584781523676218828e+00 6.108761607505039188e-06 1.000000000000000000e+00
2.875634532029042401e+00 6.700187503509590175e-06 1.000000000000000000e+00
3.199215827741167306e+00 7.017038286703837028e-06 1.000000000000000000e+00
3.559208167265893064e+00 7.348872892180387931e-06 1.000000000000000000e+00
3.959708709892373335e+00 8.060361408861344972e-06 1.000000000000000000e+00
4.405275648499654473e+00 8.441534596012993606e-06 1.000000000000000000e+00
4.900980087444747113e+00 9.258810253973944748e-06 1.000000000000000000e+00
5.452463758019432838e+00 9.696657893145519720e-06 1.000000000000000000e+00
6.066003228349284626e+00 1.063544957486011146e-05 1.000000000000000000e+00
6.748581338523186091e+00 1.113839826482618366e-05 1.000000000000000000e+00
7.507966673973715643e+00 1.221677348996793032e-05 1.000000000000000000e+00
8.352801981614030424e+00 1.339955269659337022e-05 1.000000000000000000e+00
9.292702535016543308e+00 1.469684386112447426e-05 1.000000000000000000e+00
1.033836556815111329e+01 1.611973357388155349e-05 1.000000000000000000e+00
1.150169202317442085e+01 1.768038178457208620e-05 1.000000000000000000e+00
1.279592199791135165e+01 1.939212572065831012e-05 1.000000000000000000e+00
1.423578543458871692e+01 2.227542951999556551e-05 1.000000000000000000e+00
1.583766976484598388e+01 2.443204762186491623e-05 1.000000000000000000e+00
1.761980641903116762e+01 2.939188398646890124e-05 1.000000000000000000e+00
1.960247832248893829e+01 3.376199441111340057e-05 1.000000000000000000e+00
2.180825074040611256e+01 4.061585988376979588e-05 1.000000000000000000e+00
2.426222809851507023e+01 5.117173007114609744e-05 1.000000000000000000e+00
2.699233970259332693e+01 6.751984523072494435e-05 1.000000000000000000e+00
3.002965760860141131e+01 9.330387172620360271e-05 1.000000000000000000e+00
3.340875026121550917e+01 1.481046048880675355e-04 1.000000000000000000e+00
3.716807592559995044e+01 3.248670655878374666e-04 1.000000000000000000e+00
4.135042039016099835e+01 9.402517429670132366e-04 1.000000000000000000e+00
4.600338392188222514e+01 1.080052374516253912e-03 1.000000000000000000e+00
5.117992301639698383e+01 1.636993001611701873e-03 1.000000000000000000e+00
5.693895310858579961e+01 1.795480124687830496e-03 1.000000000000000000e+00
6.334601910329268293e+01 1.969311337907421727e-03 1.000000000000000000e+00
7.047404135763159161e+01 2.159972194782717320e-03 1.000000000000000000e+00
7.840414560508678221e+01 2.481126055137770382e-03 1.000000000000000000e+00
8.722658626697263173e+01 2.850030438518105433e-03 1.000000000000000000e+00
9.704177365968244828e+01 3.273785095948577185e-03 1.000000000000000000e+00
1.079614167886187204e+02 3.760545399658175598e-03 1.000000000000000000e+00
1.201097947352170507e+02 4.319679297334173655e-03 1.000000000000000000e+00
1.336251711070244426e+02 4.961947603002908429e-03 1.000000000000000000e+00
1.486613676490295575e+02 5.699711094326075263e-03 1.000000000000000000e+00
1.653895149258906372e+02 7.876278611187063211e-03 1.000000000000000000e+00
1.839999999999999716e+02 6.299862978380693646e-02 1.000000000000000000e+00
