9.899999999999999911e-01 4.061585988376979588e-05 1.000000000000000000e+00
1.101399929019828638e+00 4.253657732750391928e-05 1.000000000000000000e+00
1.225335155196852321e+00 4.665479882234468170e-05 1.000000000000000000e+00
1.363216215110418128e+00 4.886109671160326288e-05 1.000000000000000000e+00
1.516612366223529351e+00 5.117173007114609744e-05 1.000000000000000000e+00
1.877129746606034155e+00 5.612597255954966110e-05 1.000000000000000000e+00
2.088354110780702211e+00 5.878016072274911818e-05 1.000000000000000000e+00
2.323346534729427315e+00 6.447102107323869429e-05 1.000000000000000000e+00
2.584781523676218828e+00 6.751984523072494435e-05 1.000000000000000000e+00
3.199215827741167306e+00 7.405684692262442192e-05 1.000000000000000000e+00
3.559208167265893064e+00 8.122673500479720343e-05 1.000000000000000000e+00
3.959708709892373335e+00 8.506793416364170912e-05 1.000000000000000000e+00
4.405275648499654473e+00 8.909078300934142260e-05 1.000000000000000000e+00
4.900980087444747113e+00 9.330387172620360271e-05 1.000000000000000000e+00
5.452463758019432838e+00 1.023371798632520248e-04 1.000000000000000000e+00
6.066003228349284626e+00 1.071766885445503333e-04 1.000000000000000000e+00
6.748581338523186091e+00 1.122450568085307056e-04 1.000000000000000000e+00
7.507966673973715643e+00 1.231121748203890776e-04 1.000000000000000000e+00
8.352801981614030424e+00 1.289341296525715658e-04 1.000000000000000000e+00
9.292702535016543308e+00 1.414170170289023951e-04 1.000000000000000000e+00
1.033836556815111329e+01 1.551084476952840495e-04 1.000000000000000000e+00
1.150169202317442085e+01 1.624435010958866980e-04 1.000000000000000000e+00
1.279592199791135165e+01 1.781706319545730730e-04 1.000000000000000000e+00
1.423578543458871692e+01 1.954204007974053514e-04 1.000000000000000000e+00
1.583766976484598388e+01 2.046617999391989716e-04 1.000000000000000000e+00
1.761980641903116762e+01 2.244763378413223921e-04 1.000000000000000000e+00
1.960247832248893829e+01 2.578524352884273567e-04 1.000000000000000000e+00
2.180825074040611256e+01 2.828166780230032180e-04 1.000000000000000000e+00
2.426222809851507023e+01 3.248670655878374666e-04 1.000000000000000000e+00
2.699233970259332693e+01 3.731696837732755402e-04 1.000000000000000000e+00
3.002965760860141131e+01 4.489251258218607721e-04 1.000000000000000000e+00
3.340875026121550917e+01 5.400593278542374252e-04 1.000000000000000000e+00
3.716807592559995044e+01 7.125950633568410445e-04 1.000000000000000000e+00
4.135042039016099835e+01 9.402517429670132366e-04 1.000000000000000000e+00
4.600338392188222514e+01 1.080052374516253912e-03 1.000000000000000000e+00
5.117992301639698383e+01 1.636993001611701873e-03 1.000000000000000000e+00
5.693895310858579961e+01 1.795480124687830496e-03 1.000000000000000000e+00
6.334601910329268293e+01 2.062439752514092818e-03 1.000000000000000000e+00
7.047404135763159161e+01 2.159972194782717320e-03 1.000000000000000000e+00
7.840414560508678221e+01 2.369092074182631985e-03 1.000000000000000000e+00
8.722658626697263173e+01 2.850030438518105433e-03 1.000000000000000000e+00
9.704177365968244828e+01 3.273785095948577185e-03 1.000000000000000000e+00
1.079614167886187204e+02 3.760545399658175598e-03 1.000000000000000000e+00
1.201097947352170507e+02 4.319679297334173655e-03 1.000000000000000000e+00
1.336251711070244426e+02 4.961947603002908429e-03 1.000000000000000000e+00
1.486613676490295575e+02 5.699711094326075263e-03 1.000000000000000000e+00
1.653895149258906372e+02 7.876278611187063211e-03 1.000000000000000000e+00
1.839999999999999716e+02 6.015395880274832657e-02 1.000000000000000000e+00
