9.899999999999999911e-01 4.665479882234468170e-05 1.000000000000000000e+00
1.100214255716768008e+00 5.117173007114609744e-05 1.000000000000000000e+00
1.222698392406466494e+00 5.359163290848514475e-05 1.000000000000000000e+00
1.432459827094472837e+00 5.612597255954966110e-05 1.000000000000000000e+00
1.591932042940318759e+00 6.155986501483513579e-05 1.000000000000000000e+00
1.769157906843693784e+00 6.447102107323869429e-05 1.000000000000000000e+00
2.072667834585380842e+00 6.751984523072494435e-05 1.000000000000000000e+00
2.303412827248929151e+00 7.405684692262442192e-05 1.000000000000000000e+00
2.698577474821207911e+00 7.755898323389002265e-05 1.000000000000000000e+00
2.999003442378232354e+00 8.506793416364170912e-05 1.000000000000000000e+00
3.161535049846019962e+00 8.506793416364170912e-05 1.000000000000000000e+00
3.513500941200821792e+00 9.330387172620360271e-05 1.000000000000000000e+00
4.116263652578414423e+00 9.771619672696181254e-05 1.000000000000000000e+00
4.822434016980029270e+00 1.071766885445503333e-04 1.000000000000000000e+00
5.359303689631218504e+00 1.175531073878369897e-04 1.000000000000000000e+00
5.649752253735917051e+00 1.175531073878369897e-04 1.000000000000000000e+00
6.619002025990034177e+00 1.289341296525715658e-04 1.000000000000000000e+00
7.754532562218085623e+00 1.481046048880675355e-04 1.000000000000000000e+00
8.174791046982990750e+00 1.481046048880675355e-04 1.000000000000000000e+00
9.577226765341062986e+00 1.701254279852589153e-04 1.000000000000000000e+00
1.009626653677260144e+01 1.701254279852589153e-04 1.000000000000000000e+00
1.246938269072632544e+01 2.046617999391989716e-04 1.000000000000000000e+00
1.314516344649885049e+01 2.046617999391989716e-04 1.000000000000000000e+00
1.385756827911617783e+01 2.143402233514856738e-04 1.000000000000000000e+00
1.460858203794443710e+01 2.244763378413223921e-04 1.000000000000000000e+00
1.902011975525285692e+01 2.828166780230032180e-04 1.000000000000000000e+00
2.005091905156829313e+01 2.961910329772553230e-04 1.000000000000000000e+00
2.113758272744374622e+01 3.248670655878374666e-04 1.000000000000000000e+00
2.476386514204519429e+01 3.908168177536267972e-04 1.000000000000000000e+00
2.901225862393413024e+01 4.923882631706741255e-04 1.000000000000000000e+00
3.058458393833251066e+01 5.400593278542374252e-04 1.000000000000000000e+00
3.398949015567629317e+01 6.496942604146124312e-04 1.000000000000000000e+00
3.777345617557554647e+01 8.572556731909324870e-04 1.000000000000000000e+00
3.982059639058036282e+01 1.031283160672184784e-03 1.000000000000000000e+00
4.425372507076785666e+01 1.240639159058831839e-03 1.000000000000000000e+00
4.665206478940641688e+01 1.714406135851971949e-03 1.000000000000000000e+00
4.918038302164580244e+01 1.795480124687830496e-03 1.000000000000000000e+00
5.465551363840972243e+01 2.062439752514092818e-03 1.000000000000000000e+00
6.074017702878848013e+01 2.159972194782717320e-03 1.000000000000000000e+00
6.403200339712975619e+01 2.369092074182631985e-03 1.000000000000000000e+00
7.116052824204716387e+01 2.598458104929247253e-03 1.000000000000000000e+00
7.501708768442811959e+01 2.850030438518105433e-03 1.000000000000000000e+00
8.336855484117437243e+01 3.125959000482284120e-03 1.000000000000000000e+00
8.788673079226869334e+01 3.428601863556590256e-03 1.000000000000000000e+00
9.264977021693458425e+01 3.590739891061055147e-03 1.000000000000000000e+00
9.767094354140998291e+01 3.760545399658175598e-03 1.000000000000000000e+00
1.029642403854083739e+02 3.938380983288488832e-03 1.000000000000000000e+00
1.085444085389564890e+02 4.319679297334173655e-03 1.000000000000000000e+00
1.144269950515903247e+02 4.523956232538058238e-03 1.000000000000000000e+00
1.206283895483886681e+02 4.961947603002908429e-03 1.000000000000000000e+00
1.271658698935271019e+02 5.196597302486197396e-03 1.000000000000000000e+00
1.340576503285785464e+02 5.699711094326075263e-03 1.000000000000000000e+00
1.413229322196790179e+02 6.251534353689711630e-03 1.000000000000000000e+00
1.489819575549453248e+02 6.856782936641737762e-03 1.000000000000000000e+00
1.570560653411973249e+02 7.876278611187063211e-03 1.000000000000000000e+00
1.655677510571123889e+02 9.475205302806547630e-03 1.000000000000000000e+00
1.745407293284541765e+02 1.309353327353609577e-02 1.000000000000000000e+00
1.839999999999999716e+02 7.236553422869665408e-02 1.000000000000000000e+00
