9.899999999999999911e-01 4.886109671160326119e-06 1.000000000000000000e+00
1.048417309206568282e+00 5.277254352483532008e-06 1.000000000000000000e+00
1.110281670953475741e+00 5.699711094326075120e-06 1.000000000000000000e+00
1.175796486790318784e+00 5.923457145875805800e-06 1.000000000000000000e+00
1.245177160459840726e+00 6.397643955748423753e-06 1.000000000000000000e+00
1.318651806115940905e+00 6.648787838417262737e-06 1.000000000000000000e+00
1.396461998331773868e+00 7.181039092537341900e-06 1.000000000000000000e+00
1.478863566363864290e+00 7.462935686310129477e-06 1.000000000000000000e+00
1.566127435283668490e+00 8.060361408861344972e-06 1.000000000000000000e+00
1.658540516742108784e+00 8.376776400682923638e-06 1.000000000000000000e+00
1.756406652295791071e+00 9.047357242349294033e-06 1.000000000000000000e+00
1.860047612396434236e+00 9.402517429670132434e-06 1.000000000000000000e+00
1.969804154328051782e+00 9.771619672696182270e-06 1.000000000000000000e+00
2.086037142570238423e+00 1.055386103036523061e-05 1.000000000000000000e+00
2.209128735271159272e+00 1.096816005273138056e-05 1.000000000000000000e+00
2.339483640731210290e+00 1.184618730902682447e-05 1.000000000000000000e+00
2.477530448028486543e+00 1.279450273207873449e-05 1.000000000000000000e+00
2.623723036160979127e+00 1.329675967466209891e-05 1.000000000000000000e+00
2.778542066338567373e+00 1.436119685999077229e-05 1.000000000000000000e+00
2.942496562331251564e+00 1.492495545051829036e-05 1.000000000000000000e+00
3.116125584069604049e+00 1.611973357388155349e-05 1.000000000000000000e+00
3.300000000000000266e+00 1.675252472408217280e-05 1.000000000000000000e+00
3.494724364021894569e+00 1.741015652304015246e-05 1.000000000000000000e+00
3.700938903178253359e+00 1.880388089340916658e-05 1.000000000000000000e+00
3.919321622634395208e+00 2.030917620904734816e-05 1.000000000000000000e+00
4.150590534866135606e+00 2.110642679101554765e-05 1.000000000000000000e+00
4.395506020386469537e+00 2.193497398905055562e-05 1.000000000000000000e+00
4.654873327772580005e+00 2.369092074182632066e-05 1.000000000000000000e+00
4.929545221212880968e+00 2.462092401494625450e-05 1.000000000000000000e+00
5.220424784278895558e+00 2.659188744512690965e-05 1.000000000000000000e+00
5.528468389140362760e+00 2.763577014736157294e-05 1.000000000000000000e+00
5.854688840985970089e+00 2.984807916924321267e-05 1.000000000000000000e+00
6.200158707988114415e+00 3.223748878149026770e-05 1.000000000000000000e+00
6.566013847760173938e+00 3.350299341977229842e-05 1.000000000000000000e+00
6.953457141900795335e+00 3.618498759642742584e-05 1.000000000000000000e+00
7.798278802437368817e+00 4.061585988376979588e-05 1.000000000000000000e+00
8.745743453869931017e+00 4.558929499981059704e-05 1.000000000000000000e+00
9.808321874437506693e+00 5.117173007114609744e-05 1.000000000000000000e+00
1.100000000000000178e+01 5.743773748826586952e-05 1.000000000000000000e+00
1.200000000000000178e+01 6.203576476104268565e-05 1.000000000000000000e+00
1.259950049062631550e+01 6.700187503509576453e-05 1.000000000000000000e+00
1.322895105110772995e+01 6.963207939763889495e-05 1.000000000000000000e+00
1.388984793824194597e+01 7.520629269592406859e-05 1.000000000000000000e+00
1.458376215938369747e+01 7.815856707684090839e-05 1.000000000000000000e+00
1.531234320686103167e+01 8.122673500479702725e-05 1.000000000000000000e+00
1.607732297895700668e+01 8.772912801613356863e-05 1.000000000000000000e+00
1.688051989677721210e+01 9.117299484984921622e-05 1.000000000000000000e+00
1.772384322678930957e+01 9.847160957933763601e-05 1.000000000000000000e+00
1.860929761930965043e+01 1.023371798632519164e-04 1.000000000000000000e+00
1.953898787372525447e+01 1.105295141126020979e-04 1.000000000000000000e+00
2.051512394177857956e+01 1.193776641714435703e-04 1.000000000000000000e+00
2.154002618080823694e+01 1.240639159058831947e-04 1.000000000000000000e+00
2.261613086943309980e+01 1.339955269659338412e-04 1.000000000000000000e+00
2.374599599879093859e+01 1.392556128874461918e-04 1.000000000000000000e+00
2.493230735309807855e+01 1.504033553638023661e-04 1.000000000000000000e+00
2.617788489398377649e+01 1.624435010958865354e-04 1.000000000000000000e+00
2.748568946377564615e+01 1.754474890833459687e-04 1.000000000000000000e+00
2.885882982367031602e+01 1.894924771873821728e-04 1.000000000000000000e+00
3.030057004351962036e+01 2.046617999391989716e-04 1.000000000000000000e+00
3.181433726079855617e+01 2.210454629971021735e-04 1.000000000000000000e+00
3.340372982719851791e+01 2.481126055137767997e-04 1.000000000000000000e+00
3.507252586221139978e+01 2.784941350080644140e-04 1.000000000000000000e+00
3.682469223403638381e+01 3.007882518043099003e-04 1.000000000000000000e+00
3.866439398915870385e+01 3.376199441111336669e-04 1.000000000000000000e+00
4.059600425301452020e+01 3.789616980644716030e-04 1.000000000000000000e+00
4.262411462527703065e+01 4.092984818452438233e-04 1.000000000000000000e+00
4.475354609447420984e+01 4.420637972028530196e-04 1.000000000000000000e+00
4.698936049788290603e+01 4.774520538566126462e-04 1.000000000000000000e+00
4.933687255394106330e+01 4.961947603002903225e-04 1.000000000000000000e+00
5.180166249577903415e+01 5.359163290848514881e-04 1.000000000000000000e+00
5.438958933590222244e+01 5.569540905800130209e-04 1.000000000000000000e+00
5.710680479355531958e+01 6.015395880274832614e-04 1.000000000000000000e+00
5.995976791787511928e+01 6.251534353689711630e-04 1.000000000000000000e+00
6.295526044159228718e+01 6.751984523072501482e-04 1.000000000000000000e+00
6.610040290177911970e+01 7.017038286703822323e-04 1.000000000000000000e+00
6.940267156596362952e+01 7.578768863625922562e-04 1.000000000000000000e+00
7.286991620384459623e+01 7.876278611187054754e-04 1.000000000000000000e+00
7.651037874685324880e+01 8.506793416364153565e-04 1.000000000000000000e+00
8.033271287991522058e+01 9.187782428863330939e-04 1.000000000000000000e+00
8.434600461198621701e+01 9.548455102782293490e-04 1.000000000000000000e+00
8.855979387425747973e+01 1.031283160672184784e-03 1.000000000000000000e+00
9.298409719737270507e+01 1.113839826482618386e-03 1.000000000000000000e+00
9.762943152156189797e+01 1.203005349423324306e-03 1.000000000000000000e+00
1.025068391962905565e+02 1.250230145991456081e-03 1.000000000000000000e+00
1.076279142288513526e+02 1.350314037869872197e-03 1.000000000000000000e+00
1.130048298442916916e+02 1.403321537605484778e-03 1.000000000000000000e+00
1.186503674221912945e+02 1.515660758900601269e-03 1.000000000000000000e+00
1.245779468790742470e+02 1.636993001611701873e-03 1.000000000000000000e+00
1.308016585686763165e+02 1.768038178457204948e-03 1.000000000000000000e+00
1.373362967758978073e+02 1.909573832878096698e-03 1.000000000000000000e+00
1.441973948840604010e+02 2.062439752514092818e-03 1.000000000000000000e+00
1.514012622990628643e+02 2.314986671851160856e-03 1.000000000000000000e+00
1.589650232182073921e+02 2.598458104929247253e-03 1.000000000000000000e+00
1.669066573358522021e+02 3.150124795755327757e-03 1.000000000000000000e+00
1.752450425826556000e+02 4.454812518844988509e-03 1.000000000000000000e+00
