9.899999999999999911e-01 1.481046048880673974e-06 1.000000000000000000e+00
1.043653253317211815e+00 1.539185522990205460e-06 1.000000000000000000e+00
1.100214255716768008e+00 1.599607301861487794e-06 1.000000000000000000e+00
1.159840593257353225e+00 1.727659664669034690e-06 1.000000000000000000e+00
1.222698392406466494e+00 1.795480124687830465e-06 1.000000000000000000e+00
1.288962782889629954e+00 1.865962923181746036e-06 1.000000000000000000e+00
1.358818385623807190e+00 2.015337685941735267e-06 1.000000000000000000e+00
1.432459827094472837e+00 2.094451143151468901e-06 1.000000000000000000e+00
1.510092281609451748e+00 2.262116930469026406e-06 1.000000000000000000e+00
1.591932042940318759e+00 2.350917875457284241e-06 1.000000000000000000e+00
1.678207126944019301e+00 2.443204762186486879e-06 1.000000000000000000e+00
1.769157906843693784e+00 2.638789104828934724e-06 1.000000000000000000e+00
1.865037782938676392e+00 2.742376573264952150e-06 1.000000000000000000e+00
1.966113888609565263e+00 2.850030438518105396e-06 1.000000000000000000e+00
2.072667834585380842e+00 2.961910329772553400e-06 1.000000000000000000e+00
2.184996493546437879e+00 3.199018284775060594e-06 1.000000000000000000e+00
2.303412827248929151e+00 3.324597932270938332e-06 1.000000000000000000e+00
2.428246758475698819e+00 3.590739891061055147e-06 1.000000000000000000e+00
2.559846090242562600e+00 3.731696837732755555e-06 1.000000000000000000e+00
2.698577474821207911e+00 3.878187145610719907e-06 1.000000000000000000e+00
2.844827435278484362e+00 4.188645235435270633e-06 1.000000000000000000e+00
2.999003442378232354e+00 4.353073364731891764e-06 1.000000000000000000e+00
3.161535049846019962e+00 4.701547224022129581e-06 1.000000000000000000e+00
3.332875091159790415e+00 4.886109671160326119e-06 1.000000000000000000e+00
3.513500941200821792e+00 5.077917243205403043e-06 1.000000000000000000e+00
3.703915846280124935e+00 5.484416576121015119e-06 1.000000000000000000e+00
3.904650326245884706e+00 5.699711094326075120e-06 1.000000000000000000e+00
4.116263652578414423e+00 6.155986501483514427e-06 1.000000000000000000e+00
4.339345406590759957e+00 6.397643955748423753e-06 1.000000000000000000e+00
4.574517122076308340e+00 6.648787838417262737e-06 1.000000000000000000e+00
4.822434016980029270e+00 7.181039092537341900e-06 1.000000000000000000e+00
5.083786818917976902e+00 7.462935686310129477e-06 1.000000000000000000e+00
5.359303689631218504e+00 7.755898323389001249e-06 1.000000000000000000e+00
5.649752253735917051e+00 8.376776400682923638e-06 1.000000000000000000e+00
5.955941737421958315e+00 8.705612479099856057e-06 1.000000000000000000e+00
6.278725223058782667e+00 9.402517429670132434e-06 1.000000000000000000e+00
6.619002025990034177e+00 9.771619672696182270e-06 1.000000000000000000e+00
6.977720200139107654e+00 1.015521127634569068e-05 1.000000000000000000e+00
7.355879179406470847e+00 1.096816005273138056e-05 1.000000000000000000e+00
7.754532562218085623e+00 1.139872266616052511e-05 1.000000000000000000e+00
8.174791046982990750e+00 1.231121748203889624e-05 1.000000000000000000e+00
8.617825526638599243e+00 1.279450273207873449e-05 1.000000000000000000e+00
9.084870350905545067e+00 1.329675967466209891e-05 1.000000000000000000e+00
9.577226765341062986e+00 1.436119685999077229e-05 1.000000000000000000e+00
1.009626653677260144e+01 1.492495545051829036e-05 1.000000000000000000e+00
1.064343577521254858e+01 1.611973357388155349e-05 1.000000000000000000e+00
1.122025896290240610e+01 1.675252472408217280e-05 1.000000000000000000e+00
1.182834320171181730e+01 1.809360410738716568e-05 1.000000000000000000e+00
1.246938269072632544e+01 1.880388089340916658e-05 1.000000000000000000e+00
1.314516344649885049e+01 2.030917620904734816e-05 1.000000000000000000e+00
1.385756827911617783e+01 2.110642679101554765e-05 1.000000000000000000e+00
1.460858203794443710e+01 2.279604637318982042e-05 1.000000000000000000e+00
1.540029714166878172e+01 2.369092074182632066e-05 1.000000000000000000e+00
1.623491940803473454e+01 2.558743520168589098e-05 1.000000000000000000e+00
1.711477419953352808e+01 2.659188744512690965e-05 1.000000000000000000e+00
1.804231290215418326e+01 2.872063117797828054e-05 1.000000000000000000e+00
1.902011975525285692e+01 2.984807916924321267e-05 1.000000000000000000e+00
2.005091905156829313e+01 3.223748878149026770e-05 1.000000000000000000e+00
2.113758272744374622e+01 3.481817630688966499e-05 1.000000000000000000e+00
2.228313836440240436e+01 3.760545399658175977e-05 1.000000000000000000e+00
2.349077762436983718e+01 4.061585988376979588e-05 1.000000000000000000e+00
2.476386514204519429e+01 4.221026320156903033e-05 1.000000000000000000e+00
2.610594789919612069e+01 4.558929499981059704e-05 1.000000000000000000e+00
2.752076510699562917e+01 4.923882631706731362e-05 1.000000000000000000e+00
2.901225862393413024e+01 5.526814857144603271e-05 1.000000000000000000e+00
3.058458393833251066e+01 5.969249509970727497e-05 1.000000000000000000e+00
3.224212174605462877e+01 6.700187503509576453e-05 1.000000000000000000e+00
3.398949015567629317e+01 7.236553422869649351e-05 1.000000000000000000e+00
3.583155755511606344e+01 8.122673500479702725e-05 1.000000000000000000e+00
3.777345617557554647e+01 9.117299484984921622e-05 1.000000000000000000e+00
3.982059639058036282e+01 1.023371798632519164e-04 1.000000000000000000e+00
4.197868178996041877e+01 1.105295141126020979e-04 1.000000000000000000e+00
4.425372507076785666e+01 1.193776641714435703e-04 1.000000000000000000e+00
4.665206478940641688e+01 1.289341296525714302e-04 1.000000000000000000e+00
4.918038302164580244e+01 1.392556128874461918e-04 1.000000000000000000e+00
5.184572397972444691e+01 1.447221870741134306e-04 1.000000000000000000e+00
5.465551363840972243e+01 1.563075417945815901e-04 1.000000000000000000e+00
5.761758042469649865e+01 1.624435010958865354e-04 1.000000000000000000e+00
6.074017702878848013e+01 1.688203316700362703e-04 1.000000000000000000e+00
6.403200339712975619e+01 1.823348000868440328e-04 1.000000000000000000e+00
6.750223097154874097e+01 1.894924771873821728e-04 1.000000000000000000e+00
7.116052824204716387e+01 2.046617999391989716e-04 1.000000000000000000e+00
7.501708768442811959e+01 2.126959386668689732e-04 1.000000000000000000e+00
7.908265415781413310e+01 2.297227536071151275e-04 1.000000000000000000e+00
8.336855484117437243e+01 2.481126055137767997e-04 1.000000000000000000e+00
8.788673079226869334e+01 2.578524352884273567e-04 1.000000000000000000e+00
9.264977021693458425e+01 2.784941350080644140e-04 1.000000000000000000e+00
9.767094354140998291e+01 3.007882518043099003e-04 1.000000000000000000e+00
1.029642403854083739e+02 3.125959000482277724e-04 1.000000000000000000e+00
1.085444085389564890e+02 3.248670655878374666e-04 1.000000000000000000e+00
1.144269950515903247e+02 3.508734455902711422e-04 1.000000000000000000e+00
1.206283895483886681e+02 3.789616980644716030e-04 1.000000000000000000e+00
1.271658698935271019e+02 3.938380983288488940e-04 1.000000000000000000e+00
1.340576503285785464e+02 4.253657732750387591e-04 1.000000000000000000e+00
1.413229322196790179e+02 4.594173134636476670e-04 1.000000000000000000e+00
1.489819575549453248e+02 4.961947603002903225e-04 1.000000000000000000e+00
1.570560653411973249e+02 5.569540905800130209e-04 1.000000000000000000e+00
1.655677510571123889e+02 6.751984523072501482e-04 1.000000000000000000e+00
1.745407293284541765e+02 9.923286228832545273e-04 1.000000000000000000e+00
1.839999999999999716e+02 5.400593278542373601e-03 1.000000000000000000e+00
