0.0 6.535999999999999615e-13
1.029959999999999987e+00 6.535999999999999615e-13
1.270459999999999923e+00 8.053999999999999811e-13
1.599299999999999944e+00 1.039599999999999932e-12
2.183599999999999763e+00 1.438599999999999949e-12
3.104999999999999982e+00 2.134700000000000184e-12
4.016000000000000014e+00 2.886800000000000180e-12
5.055300000000000793e+00 3.474399999999999817e-12
7.336999999999999744e+00 6.663999999999999877e-12
9.817700000000000315e+00 1.164999999999999984e-11
1.577399999999999913e+01 3.025100000000000105e-11
2.466700000000000159e+01 8.426999999999999696e-11
3.654000000000000625e+01 2.089599999999999950e-10
5.268299999999999983e+01 5.182000000000000303e-10
7.544599999999999795e+01 1.285300000000000101e-09
1.125240000000000009e+02 3.418200000000000046e-09
1.526599999999999966e+02 9.310999999999999797e-09
2.085200000000000102e+02 2.536300000000000020e-08
2.573100000000000023e+02 6.297000000000000072e-08
3.421200000000000045e+02 2.116699999999999889e-07
4.193299999999999841e+02 5.254999999999999873e-07
4.771599999999999682e+02 1.537300000000000087e-06
5.578300000000000409e+02 4.290899999999999863e-06
6.520899999999999181e+02 1.041100000000000078e-05
7.419900000000000091e+02 2.906400000000000159e-05
7.996999999999999318e+02 6.577999999999999700e-05
8.273399999999999181e+02 8.503000000000000412e-05
