2.532264950000000070e+00 1.322900000000000000e+05
5.596774850000000967e+00 2.990900000000000000e+04
8.661284750000000088e+00 1.397200000000000000e+04
1.172579465000000098e+01 8.251000000000000000e+03
1.479030455000000188e+01 5.336000000000000000e+03
1.785481445000000278e+01 3.762000000000000000e+03
2.091932435000000368e+01 2.712000000000000000e+03
2.398383425000000102e+01 2.101000000000000000e+03
2.704834415000000547e+01 1.663000000000000000e+03
3.011285405000000281e+01 1.278000000000000000e+03
3.317736395000000726e+01 9.510000000000000000e+02
3.624187385000000461e+01 8.270000000000000000e+02
3.930638375000000906e+01 6.890000000000000000e+02
4.237089365000001351e+01 5.530000000000000000e+02
4.543540355000001085e+01 4.510000000000000000e+02
4.849991345000000820e+01 3.670000000000000000e+02
5.156442335000001265e+01 3.120000000000000000e+02
5.462893325000000999e+01 2.890000000000000000e+02
5.769344315000000734e+01 2.500000000000000000e+02
6.075795305000001179e+01 2.350000000000000000e+02
6.382246295000001624e+01 1.870000000000000000e+02
6.688697285000000647e+01 1.850000000000000000e+02
6.995148275000002513e+01 1.140000000000000000e+02
7.301599265000001537e+01 1.280000000000000000e+02
7.608050255000000561e+01 1.280000000000000000e+02
7.914501245000002427e+01 1.000000000000000000e+02
8.220952235000001451e+01 8.500000000000000000e+01
8.527403225000000475e+01 8.500000000000000000e+01
8.833854215000002341e+01 6.100000000000000000e+01
9.140305205000001365e+01 5.500000000000000000e+01
9.446756195000001810e+01 4.500000000000000000e+01
9.753207185000002255e+01 4.100000000000000000e+01
1.005965817500000128e+02 4.700000000000000000e+01
1.036610916500000172e+02 3.700000000000000000e+01
1.067256015500000217e+02 2.900000000000000000e+01
1.097901114500000119e+02 2.600000000000000000e+01
1.128546213500000306e+02 3.400000000000000000e+01
1.159191312500000208e+02 2.400000000000000000e+01
1.189836411500000111e+02 2.600000000000000000e+01
1.220481510500000297e+02 2.400000000000000000e+01
1.251126609500000200e+02 1.500000000000000000e+01
1.281771708500000102e+02 2.400000000000000000e+01
1.312416807500000004e+02 1.600000000000000000e+01
1.343061906500000191e+02 1.000000000000000000e+01
1.373707005500000378e+02 2.200000000000000000e+01
1.404352104500000280e+02 1.700000000000000000e+01
1.434997203500000182e+02 1.000000000000000000e+01
1.465642302500000369e+02 1.100000000000000000e+01
1.496287401500000271e+02 8.000000000000000000e+00
1.526932500500000174e+02 7.000000000000000000e+00
1.557577599500000360e+02 7.000000000000000000e+00
1.588222698500000263e+02 8.000000000000000000e+00
1.618867797500000165e+02 5.000000000000000000e+00
1.649512896500000352e+02 6.000000000000000000e+00
1.680157995500000254e+02 5.000000000000000000e+00
1.710803094500000157e+02 9.000000000000000000e+00
1.741448193500000343e+02 0.000000000000000000e+00
1.772093292500000246e+02 4.000000000000000000e+00
1.802738391500000148e+02 3.000000000000000000e+00
1.833383490500000335e+02 5.000000000000000000e+00
1.864028589500000521e+02 5.000000000000000000e+00
1.894673688500000139e+02 5.000000000000000000e+00
1.925318787500000326e+02 5.000000000000000000e+00
1.955963886500000513e+02 2.000000000000000000e+00
1.986608985500000131e+02 0.000000000000000000e+00
2.017254084500000317e+02 0.000000000000000000e+00
2.047899183500000504e+02 3.000000000000000000e+00
2.078544282500000122e+02 2.000000000000000000e+00
2.109189381500000309e+02 1.000000000000000000e+00
2.139834480500000495e+02 3.000000000000000000e+00
2.170479579500000398e+02 2.000000000000000000e+00
2.201124678500000300e+02 2.000000000000000000e+00
2.231769777500000487e+02 2.000000000000000000e+00
2.262414876500000389e+02 0.000000000000000000e+00
2.293059975500000292e+02 0.000000000000000000e+00
2.323705074500000478e+02 1.000000000000000000e+00
2.354350173500000380e+02 3.000000000000000000e+00
2.384995272500000283e+02 2.000000000000000000e+00
2.415640371500000469e+02 0.000000000000000000e+00
2.446285470500000372e+02 1.000000000000000000e+00
2.476930569500000274e+02 1.000000000000000000e+00
2.507575668500000461e+02 1.000000000000000000e+00
2.538220767500000363e+02 0.000000000000000000e+00
2.568865866500000266e+02 0.000000000000000000e+00
2.599510965499999884e+02 2.000000000000000000e+00
2.630156064500000070e+02 1.000000000000000000e+00
2.660801163500000257e+02 1.000000000000000000e+00
2.691446262499999875e+02 0.000000000000000000e+00
2.722091361500000062e+02 2.000000000000000000e+00
2.752736460500000248e+02 0.000000000000000000e+00
2.783381559499999867e+02 0.000000000000000000e+00
2.814026658500000622e+02 0.000000000000000000e+00
2.844671757500000240e+02 0.000000000000000000e+00
2.875316856499999858e+02 1.000000000000000000e+00
2.905961955500000613e+02 0.000000000000000000e+00
2.936607054500000231e+02 0.000000000000000000e+00
2.967252153499999849e+02 0.000000000000000000e+00
2.997897252500000604e+02 0.000000000000000000e+00
3.028542351500000223e+02 1.000000000000000000e+00
3.059187450499999841e+02 2.000000000000000000e+00
