9.899999999999999911e-01 2.030917620904734816e-05 1.000000000000000000e+00
1.230791450369828288e+00 2.193497398905055562e-05 1.000000000000000000e+00
1.530149085155015465e+00 2.369092074182632066e-05 1.000000000000000000e+00
1.902317587676775057e+00 2.659188744512690965e-05 1.000000000000000000e+00
2.365006285657303753e+00 2.872063117797828054e-05 1.000000000000000000e+00
2.940231834805973055e+00 3.223748878149026770e-05 1.000000000000000000e+00
3.655365863014530259e+00 3.618498759642742584e-05 1.000000000000000000e+00
4.544437426436375382e+00 4.061585988376979588e-05 1.000000000000000000e+00
5.649752253735916163e+00 4.558929499981059704e-05 1.000000000000000000e+00
7.023905828894782211e+00 5.117173007114609744e-05 1.000000000000000000e+00
8.732286103440907610e+00 5.743773748826586952e-05 1.000000000000000000e+00
1.085618492757406983e+01 6.447102107323869429e-05 1.000000000000000000e+00
1.349666625504238660e+01 7.520629269592406859e-05 1.000000000000000000e+00
1.677937518707185305e+01 8.772912801613356863e-05 1.000000000000000000e+00
2.086051668969259509e+01 1.023371798632519164e-04 1.000000000000000000e+00
2.593428847673814985e+01 1.289341296525714302e-04 1.000000000000000000e+00
3.224212174605460746e+01 1.688203316700362703e-04 1.000000000000000000e+00
4.008416948164356342e+01 2.578524352884273567e-04 1.000000000000000000e+00
4.983358898301222695e+01 3.248670655878374666e-04 1.000000000000000000e+00
6.195429824397525209e+01 3.938380983288488940e-04 1.000000000000000000e+00
7.702305110338099325e+01 4.961947603002903225e-04 1.000000000000000000e+00
9.575688159539366495e+01 6.496942604146117807e-04 1.000000000000000000e+00
1.190472234158449112e+02 8.185467307069020692e-04 1.000000000000000000e+00
1.480023280509987842e+02 1.113839826482618386e-03 1.000000000000000000e+00
1.839999999999999716e+02 0.000000000000000000e+00 1.000000000000000000e+00
