9.899999999999999911e-01 1.184618730902682447e-05 1.000000000000000000e+00
1.101399929019828638e+00 1.231121748203889624e-05 1.000000000000000000e+00
1.225335155196852321e+00 1.279450273207873449e-05 1.000000000000000000e+00
1.363216215110418128e+00 1.329675967466209891e-05 1.000000000000000000e+00
1.516612366223529351e+00 1.381873305653633617e-05 1.000000000000000000e+00
1.687269446978979737e+00 1.436119685999077229e-05 1.000000000000000000e+00
1.877129746606034155e+00 1.551084476952840360e-05 1.000000000000000000e+00
2.088354110780702211e+00 1.611973357388155349e-05 1.000000000000000000e+00
2.323346534729427315e+00 1.675252472408217280e-05 1.000000000000000000e+00
2.584781523676218828e+00 1.741015652304015246e-05 1.000000000000000000e+00
2.875634532029042401e+00 1.880388089340916658e-05 1.000000000000000000e+00
3.199215827741167306e+00 1.954204007974051481e-05 1.000000000000000000e+00
3.559208167265893064e+00 2.030917620904734816e-05 1.000000000000000000e+00
3.959708709892373335e+00 2.193497398905055562e-05 1.000000000000000000e+00
4.405275648499654473e+00 2.279604637318982042e-05 1.000000000000000000e+00
4.900980087444747113e+00 2.462092401494625450e-05 1.000000000000000000e+00
5.452463758019432838e+00 2.558743520168589098e-05 1.000000000000000000e+00
6.066003228349284626e+00 2.763577014736157294e-05 1.000000000000000000e+00
6.748581338523186091e+00 2.872063117797828054e-05 1.000000000000000000e+00
7.507966673973715643e+00 3.101978590138099656e-05 1.000000000000000000e+00
8.352801981614030424e+00 3.223748878149026770e-05 1.000000000000000000e+00
9.292702535016543308e+00 3.481817630688966499e-05 1.000000000000000000e+00
1.033836556815111329e+01 3.618498759642742584e-05 1.000000000000000000e+00
1.150169202317442085e+01 3.908168177536264042e-05 1.000000000000000000e+00
1.279592199791135165e+01 4.221026320156903033e-05 1.000000000000000000e+00
1.423578543458871692e+01 4.558929499981059704e-05 1.000000000000000000e+00
1.583766976484598388e+01 4.737893390963143824e-05 1.000000000000000000e+00
1.761980641903116762e+01 5.318051128214197225e-05 1.000000000000000000e+00
1.960247832248893829e+01 5.743773748826586952e-05 1.000000000000000000e+00
2.180825074040611256e+01 6.203576476104268565e-05 1.000000000000000000e+00
2.426222809851507023e+01 6.963207939763889495e-05 1.000000000000000000e+00
2.699233970259332693e+01 7.815856707684090839e-05 1.000000000000000000e+00
3.002965760860141131e+01 9.117299484984921622e-05 1.000000000000000000e+00
3.340875026121550917e+01 1.063544957486011247e-04 1.000000000000000000e+00
3.716807592559995044e+01 1.289341296525714302e-04 1.000000000000000000e+00
4.135042039016099835e+01 1.563075417945815901e-04 1.000000000000000000e+00
4.600338392188222514e+01 1.754474890833459687e-04 1.000000000000000000e+00
5.117992301639698383e+01 1.969311337907421727e-04 1.000000000000000000e+00
5.693895310858579961e+01 2.126959386668689732e-04 1.000000000000000000e+00
6.334601910329268293e+01 2.387406771860646915e-04 1.000000000000000000e+00
7.047404135763159161e+01 2.679746087325689426e-04 1.000000000000000000e+00
7.840414560508678221e+01 3.007882518043099003e-04 1.000000000000000000e+00
8.722658626697263173e+01 3.376199441111336669e-04 1.000000000000000000e+00
9.704177365968244828e+01 3.789616980644716030e-04 1.000000000000000000e+00
1.079614167886187204e+02 4.253657732750387591e-04 1.000000000000000000e+00
1.201097947352170507e+02 4.774520538566126462e-04 1.000000000000000000e+00
1.336251711070244426e+02 5.788177037701273779e-04 1.000000000000000000e+00
1.486613676490295575e+02 6.751984523072501482e-04 1.000000000000000000e+00
1.653895149258906372e+02 9.187782428863330939e-04 1.000000000000000000e+00
1.839999999999999716e+02 6.299862978380693125e-03 1.000000000000000000e+00
