9.899999999999999911e-01 9.402517429670132434e-06 1.000000000000000000e+00
1.303364414156168882e+00 1.015521127634569068e-05 1.000000000000000000e+00
1.715917975847124799e+00 1.184618730902682447e-05 1.000000000000000000e+00
2.259056997303057202e+00 1.329675967466209891e-05 1.000000000000000000e+00
2.974115656399286767e+00 1.492495545051829036e-05 1.000000000000000000e+00
3.915511626399541978e+00 1.741015652304015246e-05 1.000000000000000000e+00
5.154887390973642347e+00 1.954204007974051481e-05 1.000000000000000000e+00
6.786562408462004647e+00 2.279604637318982042e-05 1.000000000000000000e+00
8.934711048120565380e+00 2.659188744512690965e-05 1.000000000000000000e+00
1.176281255645283785e+01 3.101978590138099656e-05 1.000000000000000000e+00
1.548609221865655172e+01 3.760545399658175977e-05 1.000000000000000000e+00
2.684127678143338258e+01 6.203576476104268565e-05 1.000000000000000000e+00
3.533733837114799314e+01 9.475205302806547630e-05 1.000000000000000000e+00
6.124845871681333875e+01 1.894924771873821728e-04 1.000000000000000000e+00
8.063541567010878452e+01 2.481126055137767997e-04 1.000000000000000000e+00
1.061589205102127238e+02 3.376199441111336669e-04 1.000000000000000000e+00
1.397613729679238475e+02 4.774520538566126462e-04 1.000000000000000000e+00
1.839999999999999716e+02 5.000306842491090281e-03 1.000000000000000000e+00
