9.899999999999999911e-01 2.462092401494625450e-05 1.000000000000000000e+00
1.303364414156168882e+00 2.763577014736157294e-05 1.000000000000000000e+00
1.715917975847124799e+00 3.101978590138099656e-05 1.000000000000000000e+00
2.259056997303057202e+00 3.618498759642742584e-05 1.000000000000000000e+00
2.974115656399286767e+00 4.061585988376979588e-05 1.000000000000000000e+00
3.915511626399541978e+00 4.558929499981059704e-05 1.000000000000000000e+00
5.154887390973642347e+00 5.318051128214197225e-05 1.000000000000000000e+00
6.786562408462004647e+00 6.203576476104268565e-05 1.000000000000000000e+00
8.934711048120565380e+00 7.236553422869649351e-05 1.000000000000000000e+00
1.176281255645283785e+01 8.441534596012993945e-05 1.000000000000000000e+00
1.548609221865655172e+01 1.023371798632519164e-04 1.000000000000000000e+00
2.038790051731080766e+01 1.240639159058831947e-04 1.000000000000000000e+00
2.684127678143338258e+01 1.624435010958865354e-04 1.000000000000000000e+00
3.533733837114799314e+01 2.481126055137767997e-04 1.000000000000000000e+00
6.124845871681333875e+01 4.961947603002903225e-04 1.000000000000000000e+00
8.063541567010878452e+01 6.496942604146117807e-04 1.000000000000000000e+00
1.061589205102127238e+02 8.840733401525062906e-04 1.000000000000000000e+00
1.397613729679238475e+02 1.299308784200414561e-03 1.000000000000000000e+00
1.839999999999999716e+02 0.000000000000000000e+00 1.000000000000000000e+00
