9.899999999999999911e-01 8.705612479099856057e-06 1.000000000000000000e+00
1.303364414156168882e+00 9.771619672696182270e-06 1.000000000000000000e+00
1.715917975847124799e+00 1.096816005273138056e-05 1.000000000000000000e+00
2.259056997303057202e+00 1.231121748203889624e-05 1.000000000000000000e+00
2.974115656399286767e+00 1.436119685999077229e-05 1.000000000000000000e+00
3.915511626399541978e+00 1.611973357388155349e-05 1.000000000000000000e+00
5.154887390973642347e+00 1.880388089340916658e-05 1.000000000000000000e+00
6.786562408462004647e+00 2.193497398905055562e-05 1.000000000000000000e+00
8.934711048120565380e+00 2.558743520168589098e-05 1.000000000000000000e+00
1.548609221865655172e+01 3.618498759642742584e-05 1.000000000000000000e+00
2.038790051731080766e+01 4.386725591048494039e-05 1.000000000000000000e+00
2.684127678143338258e+01 5.969249509970727497e-05 1.000000000000000000e+00
3.533733837114799314e+01 8.772912801613356863e-05 1.000000000000000000e+00
6.124845871681333875e+01 1.754474890833459687e-04 1.000000000000000000e+00
8.063541567010878452e+01 2.297227536071151275e-04 1.000000000000000000e+00
1.061589205102127238e+02 3.248670655878374666e-04 1.000000000000000000e+00
1.397613729679238475e+02 4.594173134636476670e-04 1.000000000000000000e+00
1.839999999999999716e+02 4.811430839003254245e-03 1.000000000000000000e+00
