9.899999999999999911e-01 1.954204007974051481e-05 1.000000000000000000e+00
1.303364414156168882e+00 2.193497398905055562e-05 1.000000000000000000e+00
1.715917975847124799e+00 2.462092401494625450e-05 1.000000000000000000e+00
2.259056997303057202e+00 2.763577014736157294e-05 1.000000000000000000e+00
2.974115656399286767e+00 3.223748878149026770e-05 1.000000000000000000e+00
3.915511626399541978e+00 3.618498759642742584e-05 1.000000000000000000e+00
5.154887390973642347e+00 4.221026320156903033e-05 1.000000000000000000e+00
6.786562408462004647e+00 4.923882631706731362e-05 1.000000000000000000e+00
8.934711048120565380e+00 5.743773748826586952e-05 1.000000000000000000e+00
1.176281255645283785e+01 6.700187503509576453e-05 1.000000000000000000e+00
1.548609221865655172e+01 8.122673500479702725e-05 1.000000000000000000e+00
2.038790051731080766e+01 9.847160957933763601e-05 1.000000000000000000e+00
2.684127678143338258e+01 1.289341296525714302e-04 1.000000000000000000e+00
3.533733837114799314e+01 1.969311337907421727e-04 1.000000000000000000e+00
6.124845871681333875e+01 3.938380983288488940e-04 1.000000000000000000e+00
8.063541567010878452e+01 5.156732244854962937e-04 1.000000000000000000e+00
1.061589205102127238e+02 7.292496916841443785e-04 1.000000000000000000e+00
1.397613729679238475e+02 1.031283160672184784e-03 1.000000000000000000e+00
1.839999999999999716e+02 0.000000000000000000e+00 1.000000000000000000e+00
