9.899999999999999911e-01 8.376776400682923638e-06 1.000000000000000000e+00
1.303364414156168882e+00 9.402517429670132434e-06 1.000000000000000000e+00
1.715917975847124799e+00 1.055386103036523061e-05 1.000000000000000000e+00
2.259056997303057202e+00 1.231121748203889624e-05 1.000000000000000000e+00
2.974115656399286767e+00 1.381873305653633617e-05 1.000000000000000000e+00
3.915511626399541978e+00 1.551084476952840360e-05 1.000000000000000000e+00
5.154887390973642347e+00 1.809360410738716568e-05 1.000000000000000000e+00
6.786562408462004647e+00 2.110642679101554765e-05 1.000000000000000000e+00
8.934711048120565380e+00 2.462092401494625450e-05 1.000000000000000000e+00
1.176281255645283785e+01 2.872063117797828054e-05 1.000000000000000000e+00
1.548609221865655172e+01 3.481817630688966499e-05 1.000000000000000000e+00
2.038790051731080766e+01 4.221026320156903033e-05 1.000000000000000000e+00
3.533733837114799314e+01 8.441534596012993945e-05 1.000000000000000000e+00
6.124845871681333875e+01 1.688203316700362703e-04 1.000000000000000000e+00
8.063541567010878452e+01 2.297227536071151275e-04 1.000000000000000000e+00
1.061589205102127238e+02 3.007882518043099003e-04 1.000000000000000000e+00
1.397613729679238475e+02 4.420637972028530196e-04 1.000000000000000000e+00
1.839999999999999716e+02 4.454812518844988509e-03 1.000000000000000000e+00
