9.899999999999999911e-01 2.850030438518105396e-06 1.000000000000000000e+00
1.101399929019828638e+00 2.961910329772553400e-06 1.000000000000000000e+00
1.225335155196852321e+00 3.078182142565080071e-06 1.000000000000000000e+00
1.363216215110418128e+00 3.199018284775060594e-06 1.000000000000000000e+00
1.516612366223529351e+00 3.324597932270938332e-06 1.000000000000000000e+00
1.687269446978979737e+00 3.590739891061055147e-06 1.000000000000000000e+00
1.877129746606034155e+00 3.731696837732755555e-06 1.000000000000000000e+00
2.088354110780702211e+00 3.878187145610719907e-06 1.000000000000000000e+00
2.323346534729427315e+00 4.030428030568050596e-06 1.000000000000000000e+00
2.584781523676218828e+00 4.353073364731891764e-06 1.000000000000000000e+00
2.875634532029042401e+00 4.523956232538058048e-06 1.000000000000000000e+00
3.199215827741167306e+00 4.701547224022129581e-06 1.000000000000000000e+00
3.559208167265893064e+00 5.077917243205403043e-06 1.000000000000000000e+00
3.959708709892373335e+00 5.277254352483532008e-06 1.000000000000000000e+00
4.405275648499654473e+00 5.484416576121015119e-06 1.000000000000000000e+00
4.900980087444747113e+00 5.923457145875805800e-06 1.000000000000000000e+00
5.452463758019432838e+00 6.155986501483514427e-06 1.000000000000000000e+00
6.066003228349284626e+00 6.648787838417262737e-06 1.000000000000000000e+00
6.748581338523186091e+00 6.909790545715644804e-06 1.000000000000000000e+00
7.507966673973715643e+00 7.462935686310129477e-06 1.000000000000000000e+00
8.352801981614030424e+00 7.755898323389001249e-06 1.000000000000000000e+00
9.292702535016543308e+00 8.376776400682923638e-06 1.000000000000000000e+00
1.033836556815111329e+01 8.705612479099856057e-06 1.000000000000000000e+00
1.150169202317442085e+01 9.402517429670132434e-06 1.000000000000000000e+00
1.279592199791135165e+01 1.015521127634569068e-05 1.000000000000000000e+00
1.423578543458871692e+01 1.096816005273138056e-05 1.000000000000000000e+00
1.583766976484598388e+01 1.139872266616052511e-05 1.000000000000000000e+00
1.761980641903116762e+01 1.279450273207873449e-05 1.000000000000000000e+00
1.960247832248893829e+01 1.381873305653633617e-05 1.000000000000000000e+00
2.180825074040611256e+01 1.492495545051829036e-05 1.000000000000000000e+00
2.426222809851507023e+01 1.675252472408217280e-05 1.000000000000000000e+00
2.699233970259332693e+01 1.880388089340916658e-05 1.000000000000000000e+00
3.002965760860141131e+01 2.193497398905055562e-05 1.000000000000000000e+00
3.340875026121550917e+01 2.558743520168589098e-05 1.000000000000000000e+00
3.716807592559995044e+01 3.101978590138099656e-05 1.000000000000000000e+00
4.135042039016099835e+01 3.760545399658175977e-05 1.000000000000000000e+00
4.600338392188222514e+01 4.221026320156903033e-05 1.000000000000000000e+00
5.117992301639698383e+01 4.558929499981059704e-05 1.000000000000000000e+00
5.693895310858579961e+01 4.923882631706731362e-05 1.000000000000000000e+00
6.334601910329268293e+01 5.526814857144603271e-05 1.000000000000000000e+00
7.047404135763159161e+01 6.203576476104268565e-05 1.000000000000000000e+00
7.840414560508678221e+01 6.700187503509576453e-05 1.000000000000000000e+00
8.722658626697263173e+01 7.520629269592406859e-05 1.000000000000000000e+00
9.704177365968244828e+01 8.441534596012993945e-05 1.000000000000000000e+00
1.079614167886187204e+02 9.475205302806547630e-05 1.000000000000000000e+00
1.201097947352170507e+02 1.063544957486011247e-04 1.000000000000000000e+00
1.336251711070244426e+02 1.193776641714435703e-04 1.000000000000000000e+00
1.486613676490295575e+02 1.392556128874461918e-04 1.000000000000000000e+00
1.653895149258906372e+02 1.894924771873821728e-04 1.000000000000000000e+00
1.839999999999999716e+02 1.299308784200414561e-03 1.000000000000000000e+00
