9.899999999999999911e-01 8.705612479099856057e-06 1.000000000000000000e+00
1.230791450369828288e+00 9.402517429670132434e-06 1.000000000000000000e+00
1.530149085155015465e+00 1.055386103036523061e-05 1.000000000000000000e+00
1.902317587676775057e+00 1.139872266616052511e-05 1.000000000000000000e+00
2.365006285657303753e+00 1.279450273207873449e-05 1.000000000000000000e+00
2.940231834805973055e+00 1.436119685999077229e-05 1.000000000000000000e+00
3.655365863014530259e+00 1.611973357388155349e-05 1.000000000000000000e+00
4.544437426436375382e+00 1.809360410738716568e-05 1.000000000000000000e+00
5.649752253735916163e+00 2.030917620904734816e-05 1.000000000000000000e+00
7.023905828894782211e+00 2.369092074182632066e-05 1.000000000000000000e+00
8.732286103440907610e+00 2.659188744512690965e-05 1.000000000000000000e+00
1.085618492757406983e+01 3.101978590138099656e-05 1.000000000000000000e+00
1.349666625504238660e+01 3.618498759642742584e-05 1.000000000000000000e+00
1.677937518707185305e+01 4.386725591048494039e-05 1.000000000000000000e+00
2.086051668969259509e+01 5.318051128214197225e-05 1.000000000000000000e+00
2.593428847673814985e+01 6.963207939763889495e-05 1.000000000000000000e+00
3.224212174605460746e+01 9.475205302806547630e-05 1.000000000000000000e+00
4.008416948164356342e+01 1.447221870741134306e-04 1.000000000000000000e+00
4.983358898301222695e+01 1.894924771873821728e-04 1.000000000000000000e+00
6.195429824397525209e+01 2.387406771860646915e-04 1.000000000000000000e+00
7.702305110338099325e+01 3.125959000482277724e-04 1.000000000000000000e+00
9.575688159539366495e+01 4.092984818452438233e-04 1.000000000000000000e+00
1.190472234158449112e+02 5.359163290848514881e-04 1.000000000000000000e+00
1.480023280509987842e+02 7.578768863625922562e-04 1.000000000000000000e+00
1.839999999999999716e+02 7.637357916378011667e-03 1.000000000000000000e+00
