9.899999999999999911e-01 7.181039092537341900e-06 1.000000000000000000e+00
1.230791450369828288e+00 7.755898323389001249e-06 1.000000000000000000e+00
1.530149085155015465e+00 8.705612479099856057e-06 1.000000000000000000e+00
1.902317587676775057e+00 9.402517429670132434e-06 1.000000000000000000e+00
2.365006285657303753e+00 1.055386103036523061e-05 1.000000000000000000e+00
2.940231834805973055e+00 1.139872266616052511e-05 1.000000000000000000e+00
3.655365863014530259e+00 1.279450273207873449e-05 1.000000000000000000e+00
4.544437426436375382e+00 1.436119685999077229e-05 1.000000000000000000e+00
5.649752253735916163e+00 1.611973357388155349e-05 1.000000000000000000e+00
7.023905828894782211e+00 1.809360410738716568e-05 1.000000000000000000e+00
8.732286103440907610e+00 2.030917620904734816e-05 1.000000000000000000e+00
1.085618492757406983e+01 2.279604637318982042e-05 1.000000000000000000e+00
1.349666625504238660e+01 2.659188744512690965e-05 1.000000000000000000e+00
1.677937518707185305e+01 3.101978590138099656e-05 1.000000000000000000e+00
2.086051668969259509e+01 3.618498759642742584e-05 1.000000000000000000e+00
2.593428847673814985e+01 4.558929499981059704e-05 1.000000000000000000e+00
3.224212174605460746e+01 5.969249509970727497e-05 1.000000000000000000e+00
4.008416948164356342e+01 9.117299484984921622e-05 1.000000000000000000e+00
4.983358898301222695e+01 1.105295141126020979e-04 1.000000000000000000e+00
6.195429824397525209e+01 1.339955269659338412e-04 1.000000000000000000e+00
7.702305110338099325e+01 1.624435010958865354e-04 1.000000000000000000e+00
9.575688159539366495e+01 2.046617999391989716e-04 1.000000000000000000e+00
1.190472234158449112e+02 2.578524352884273567e-04 1.000000000000000000e+00
1.480023280509987842e+02 3.376199441111336669e-04 1.000000000000000000e+00
1.839999999999999716e+02 3.273785095948577185e-03 1.000000000000000000e+00
