9.899999999999999911e-01 5.484416576121015119e-06 1.000000000000000000e+00
1.230791450369828288e+00 5.923457145875805800e-06 1.000000000000000000e+00
1.530149085155015465e+00 6.397643955748423753e-06 1.000000000000000000e+00
1.902317587676775057e+00 7.181039092537341900e-06 1.000000000000000000e+00
2.365006285657303753e+00 7.755898323389001249e-06 1.000000000000000000e+00
2.940231834805973055e+00 8.705612479099856057e-06 1.000000000000000000e+00
3.655365863014530259e+00 9.771619672696182270e-06 1.000000000000000000e+00
4.544437426436375382e+00 1.055386103036523061e-05 1.000000000000000000e+00
5.649752253735916163e+00 1.184618730902682447e-05 1.000000000000000000e+00
7.023905828894782211e+00 1.329675967466209891e-05 1.000000000000000000e+00
8.732286103440907610e+00 1.492495545051829036e-05 1.000000000000000000e+00
1.085618492757406983e+01 1.741015652304015246e-05 1.000000000000000000e+00
1.349666625504238660e+01 1.954204007974051481e-05 1.000000000000000000e+00
1.677937518707185305e+01 2.279604637318982042e-05 1.000000000000000000e+00
2.086051668969259509e+01 2.763577014736157294e-05 1.000000000000000000e+00
2.593428847673814985e+01 3.350299341977229842e-05 1.000000000000000000e+00
3.224212174605460746e+01 4.558929499981059704e-05 1.000000000000000000e+00
4.008416948164356342e+01 6.700187503509576453e-05 1.000000000000000000e+00
4.983358898301222695e+01 8.441534596012993945e-05 1.000000000000000000e+00
6.195429824397525209e+01 9.847160957933763601e-05 1.000000000000000000e+00
7.702305110338099325e+01 1.240639159058831947e-04 1.000000000000000000e+00
9.575688159539366495e+01 1.563075417945815901e-04 1.000000000000000000e+00
1.190472234158449112e+02 1.894924771873821728e-04 1.000000000000000000e+00
1.480023280509987842e+02 2.481126055137767997e-04 1.000000000000000000e+00
1.839999999999999716e+02 2.405863054644066888e-03 1.000000000000000000e+00
