9.899999999999999911e-01 1.015521127634569068e-05 1.000000000000000000e+00
1.230791450369828288e+00 1.096816005273138056e-05 1.000000000000000000e+00
1.530149085155015465e+00 1.184618730902682447e-05 1.000000000000000000e+00
1.902317587676775057e+00 1.329675967466209891e-05 1.000000000000000000e+00
2.365006285657303753e+00 1.492495545051829036e-05 1.000000000000000000e+00
2.940231834805973055e+00 1.611973357388155349e-05 1.000000000000000000e+00
3.655365863014530259e+00 1.809360410738716568e-05 1.000000000000000000e+00
4.544437426436375382e+00 2.030917620904734816e-05 1.000000000000000000e+00
5.649752253735916163e+00 2.279604637318982042e-05 1.000000000000000000e+00
7.023905828894782211e+00 2.558743520168589098e-05 1.000000000000000000e+00
8.732286103440907610e+00 2.872063117797828054e-05 1.000000000000000000e+00
1.085618492757406983e+01 3.223748878149026770e-05 1.000000000000000000e+00
1.349666625504238660e+01 3.760545399658175977e-05 1.000000000000000000e+00
1.677937518707185305e+01 4.386725591048494039e-05 1.000000000000000000e+00
2.086051668969259509e+01 5.117173007114609744e-05 1.000000000000000000e+00
2.593428847673814985e+01 6.447102107323869429e-05 1.000000000000000000e+00
3.224212174605460746e+01 8.772912801613356863e-05 1.000000000000000000e+00
4.008416948164356342e+01 1.240639159058831947e-04 1.000000000000000000e+00
4.983358898301222695e+01 1.624435010958865354e-04 1.000000000000000000e+00
6.195429824397525209e+01 1.969311337907421727e-04 1.000000000000000000e+00
7.702305110338099325e+01 2.387406771860646915e-04 1.000000000000000000e+00
9.575688159539366495e+01 3.007882518043099003e-04 1.000000000000000000e+00
1.190472234158449112e+02 3.789616980644716030e-04 1.000000000000000000e+00
1.480023280509987842e+02 4.961947603002903225e-04 1.000000000000000000e+00
1.839999999999999716e+02 4.811430839003254245e-03 1.000000000000000000e+00
