9.899999999999999911e-01 7.462935686310129477e-06 1.000000000000000000e+00
1.230791450369828288e+00 8.376776400682923638e-06 1.000000000000000000e+00
1.530149085155015465e+00 9.047357242349294033e-06 1.000000000000000000e+00
1.902317587676775057e+00 1.015521127634569068e-05 1.000000000000000000e+00
2.365006285657303753e+00 1.096816005273138056e-05 1.000000000000000000e+00
2.940231834805973055e+00 1.231121748203889624e-05 1.000000000000000000e+00
3.655365863014530259e+00 1.381873305653633617e-05 1.000000000000000000e+00
4.544437426436375382e+00 1.551084476952840360e-05 1.000000000000000000e+00
5.649752253735916163e+00 1.675252472408217280e-05 1.000000000000000000e+00
7.023905828894782211e+00 1.880388089340916658e-05 1.000000000000000000e+00
8.732286103440907610e+00 2.193497398905055562e-05 1.000000000000000000e+00
1.085618492757406983e+01 2.462092401494625450e-05 1.000000000000000000e+00
1.349666625504238660e+01 2.763577014736157294e-05 1.000000000000000000e+00
1.677937518707185305e+01 3.223748878149026770e-05 1.000000000000000000e+00
2.086051668969259509e+01 3.908168177536264042e-05 1.000000000000000000e+00
2.593428847673814985e+01 4.923882631706731362e-05 1.000000000000000000e+00
3.224212174605460746e+01 6.447102107323869429e-05 1.000000000000000000e+00
4.008416948164356342e+01 9.475205302806547630e-05 1.000000000000000000e+00
4.983358898301222695e+01 1.193776641714435703e-04 1.000000000000000000e+00
6.195429824397525209e+01 1.447221870741134306e-04 1.000000000000000000e+00
7.702305110338099325e+01 1.823348000868440328e-04 1.000000000000000000e+00
9.575688159539366495e+01 2.297227536071151275e-04 1.000000000000000000e+00
1.190472234158449112e+02 2.894266124716749020e-04 1.000000000000000000e+00
1.480023280509987842e+02 3.789616980644716030e-04 1.000000000000000000e+00
1.839999999999999716e+02 3.674661940736687841e-03 1.000000000000000000e+00
