9.899999999999999911e-01 5.484416576121015119e-06 1.000000000000000000e+00
1.230791450369828288e+00 5.923457145875805800e-06 1.000000000000000000e+00
1.530149085155015465e+00 6.397643955748423753e-06 1.000000000000000000e+00
1.902317587676775057e+00 6.909790545715644804e-06 1.000000000000000000e+00
2.365006285657303753e+00 7.755898323389001249e-06 1.000000000000000000e+00
2.940231834805973055e+00 8.376776400682923638e-06 1.000000000000000000e+00
3.655365863014530259e+00 9.402517429670132434e-06 1.000000000000000000e+00
4.544437426436375382e+00 1.055386103036523061e-05 1.000000000000000000e+00
5.649752253735916163e+00 1.139872266616052511e-05 1.000000000000000000e+00
7.023905828894782211e+00 1.279450273207873449e-05 1.000000000000000000e+00
8.732286103440907610e+00 1.436119685999077229e-05 1.000000000000000000e+00
1.085618492757406983e+01 1.611973357388155349e-05 1.000000000000000000e+00
1.349666625504238660e+01 1.880388089340916658e-05 1.000000000000000000e+00
1.677937518707185305e+01 2.193497398905055562e-05 1.000000000000000000e+00
2.086051668969259509e+01 2.558743520168589098e-05 1.000000000000000000e+00
2.593428847673814985e+01 3.101978590138099656e-05 1.000000000000000000e+00
3.224212174605460746e+01 4.061585988376979588e-05 1.000000000000000000e+00
4.008416948164356342e+01 5.526814857144603271e-05 1.000000000000000000e+00
4.983358898301222695e+01 7.236553422869649351e-05 1.000000000000000000e+00
6.195429824397525209e+01 8.772912801613356863e-05 1.000000000000000000e+00
7.702305110338099325e+01 1.023371798632519164e-04 1.000000000000000000e+00
9.575688159539366495e+01 1.240639159058831947e-04 1.000000000000000000e+00
1.190472234158449112e+02 1.504033553638023661e-04 1.000000000000000000e+00
1.480023280509987842e+02 1.823348000868440328e-04 1.000000000000000000e+00
1.839999999999999716e+02 1.984535457805803194e-03 1.000000000000000000e+00
