9.899999999999999911e-01 8.376776400682923638e-06 1.000000000000000000e+00
1.230791450369828288e+00 9.047357242349294033e-06 1.000000000000000000e+00
1.530149085155015465e+00 9.771619672696182270e-06 1.000000000000000000e+00
1.902317587676775057e+00 1.055386103036523061e-05 1.000000000000000000e+00
2.365006285657303753e+00 1.184618730902682447e-05 1.000000000000000000e+00
2.940231834805973055e+00 1.279450273207873449e-05 1.000000000000000000e+00
3.655365863014530259e+00 1.436119685999077229e-05 1.000000000000000000e+00
4.544437426436375382e+00 1.611973357388155349e-05 1.000000000000000000e+00
5.649752253735916163e+00 1.741015652304015246e-05 1.000000000000000000e+00
7.023905828894782211e+00 1.954204007974051481e-05 1.000000000000000000e+00
8.732286103440907610e+00 2.193497398905055562e-05 1.000000000000000000e+00
1.085618492757406983e+01 2.462092401494625450e-05 1.000000000000000000e+00
1.349666625504238660e+01 2.872063117797828054e-05 1.000000000000000000e+00
1.677937518707185305e+01 3.350299341977229842e-05 1.000000000000000000e+00
2.086051668969259509e+01 3.908168177536264042e-05 1.000000000000000000e+00
2.593428847673814985e+01 4.737893390963143824e-05 1.000000000000000000e+00
3.224212174605460746e+01 6.203576476104268565e-05 1.000000000000000000e+00
4.008416948164356342e+01 8.441534596012993945e-05 1.000000000000000000e+00
4.983358898301222695e+01 1.105295141126020979e-04 1.000000000000000000e+00
6.195429824397525209e+01 1.339955269659338412e-04 1.000000000000000000e+00
7.702305110338099325e+01 1.563075417945815901e-04 1.000000000000000000e+00
9.575688159539366495e+01 1.894924771873821728e-04 1.000000000000000000e+00
1.190472234158449112e+02 2.297227536071151275e-04 1.000000000000000000e+00
1.480023280509987842e+02 2.784941350080644140e-04 1.000000000000000000e+00
1.839999999999999716e+02 3.031135501567576006e-03 1.000000000000000000e+00
