9.899999999999999911e-01 7.462935686310129477e-06 1.000000000000000000e+00
1.230791450369828288e+00 8.060361408861344972e-06 1.000000000000000000e+00
1.530149085155015465e+00 8.705612479099856057e-06 1.000000000000000000e+00
1.902317587676775057e+00 9.771619672696182270e-06 1.000000000000000000e+00
2.365006285657303753e+00 1.055386103036523061e-05 1.000000000000000000e+00
2.940231834805973055e+00 1.184618730902682447e-05 1.000000000000000000e+00
3.655365863014530259e+00 1.279450273207873449e-05 1.000000000000000000e+00
4.544437426436375382e+00 1.436119685999077229e-05 1.000000000000000000e+00
5.649752253735916163e+00 1.611973357388155349e-05 1.000000000000000000e+00
7.023905828894782211e+00 1.809360410738716568e-05 1.000000000000000000e+00
8.732286103440907610e+00 2.030917620904734816e-05 1.000000000000000000e+00
1.085618492757406983e+01 2.279604637318982042e-05 1.000000000000000000e+00
1.349666625504238660e+01 2.558743520168589098e-05 1.000000000000000000e+00
1.677937518707185305e+01 2.984807916924321267e-05 1.000000000000000000e+00
2.086051668969259509e+01 3.481817630688966499e-05 1.000000000000000000e+00
2.593428847673814985e+01 4.386725591048494039e-05 1.000000000000000000e+00
3.224212174605460746e+01 5.526814857144603271e-05 1.000000000000000000e+00
4.008416948164356342e+01 7.815856707684090839e-05 1.000000000000000000e+00
4.983358898301222695e+01 1.023371798632519164e-04 1.000000000000000000e+00
6.195429824397525209e+01 1.193776641714435703e-04 1.000000000000000000e+00
7.702305110338099325e+01 1.392556128874461918e-04 1.000000000000000000e+00
9.575688159539366495e+01 1.688203316700362703e-04 1.000000000000000000e+00
1.190472234158449112e+02 2.046617999391989716e-04 1.000000000000000000e+00
1.480023280509987842e+02 2.578524352884273567e-04 1.000000000000000000e+00
1.839999999999999716e+02 2.700462352420682308e-03 1.000000000000000000e+00
